
Back_camera_intrinsics: [[641.95237824   0.         633.43285109]
		 	 [  0.         645.78128445 387.29546221]
	 		 [  0.           0.           1.        ]]
back_camera_distortion: [[-0.01791651  0.04986823  0.02368782 -0.01064598 -0.00138665]]


Lidar103_to_back_camera_transformation:Rotation Matrix: [[ 0.17384671  0.98332405  0.05339597]
	 						  [ 0.43509918 -0.02805495 -0.89994534]
	 						  [-0.88343988  0.17968508 -0.43272075]]
		                       Translation_Offsets: [[ 0.03984588  0.00124226 -0.86056437]]
		                       
		                       
Front_camera_intrinsics: [[668.02585977,   0.        , 657.26752359],
		          [  0.        , 658.80930843, 363.16409155],
                         [  0.        ,   0.        ,   1.        ]]
Front_camera_distortion: [[-0.05078581,  0.08456123, -0.00046157,  0.00656211, -0.03406049]]

Lidar103_to_front_camera_transformation: Rotation Matrix: [[-0.18256836 -0.98306216 -0.01604916]
							    [ 0.11110754 -0.00440978 -0.99379861]
							    [ 0.97689503 -0.18321936  0.1100307 ]]
					  Translation Offsets: [[ 0.07383026 -0.5358112  -0.31010858]] 
                        
lidar102_to_lidar103_transformation(homogenous_matrix):[[0.939229, 0.114115, 0.323769, 0.36883] 
					[-0.183642, 0.963858, 0.193013, 0.290573],
					[-0.290041, -0.240741, 0.92624, -0.187366], 
					[0, 0, 0, 1] ]
					
lidar104_to_lidar103_transfomation(homogenoous_matrix):[0.936284, 0.272688, 0.221389, 0.24126], 
							[-0.198318, 0.930633, -0.307559, -0.433314], 
							[-0.289899, 0.244057, 0.925416, -0.154562], 
							[0, 0, 0, 1]] 
					

